2251
394 -117 
395 -117 
396 -117 
397 -117 
398 -117 
399 -117 
400 -117 
401 -117 
402 -117 
403 -117 
404 -117 
405 -117 
406 -117 
407 -117 
408 -117 
409 -117 
410 -117 
411 -117 
412 -117 
412 -118 
412 -119 
412 -120 
412 -121 
412 -122 
412 -123 
412 -124 
412 -125 
412 -126 
412 -127 
412 -128 
412 -129 
412 -130 
412 -131 
412 -132 
412 -133 
412 -134 
412 -135 
412 -136 
412 -137 
412 -138 
412 -139 
412 -140 
412 -141 
412 -142 
412 -143 
412 -144 
412 -145 
412 -146 
412 -147 
412 -148 
412 -149 
412 -150 
412 -151 
412 -152 
412 -153 
412 -154 
412 -155 
412 -156 
412 -157 
412 -158 
412 -159 
412 -160 
412 -161 
412 -162 
412 -163 
412 -164 
412 -165 
412 -166 
412 -167 
412 -168 
412 -169 
412 -170 
412 -171 
412 -172 
412 -173 
412 -174 
412 -175 
412 -176 
412 -177 
412 -178 
412 -179 
412 -180 
412 -181 
412 -182 
412 -183 
412 -184 
412 -185 
412 -186 
412 -187 
412 -188 
412 -189 
412 -190 
412 -191 
412 -192 
412 -193 
412 -194 
412 -195 
412 -196 
412 -197 
412 -198 
412 -199 
412 -200 
412 -201 
412 -202 
412 -203 
412 -204 
412 -205 
412 -206 
412 -207 
412 -208 
412 -209 
412 -210 
412 -211 
412 -212 
412 -213 
412 -214 
412 -215 
412 -216 
412 -217 
412 -218 
412 -219 
412 -220 
412 -221 
412 -222 
412 -223 
412 -224 
412 -225 
412 -226 
412 -227 
412 -228 
412 -229 
412 -230 
412 -231 
412 -232 
412 -233 
412 -234 
412 -235 
412 -236 
412 -237 
412 -238 
412 -239 
412 -240 
412 -241 
412 -242 
412 -243 
412 -244 
412 -245 
412 -246 
412 -247 
412 -248 
412 -249 
412 -250 
412 -251 
412 -252 
412 -253 
412 -254 
412 -255 
412 -256 
412 -257 
412 -258 
412 -259 
412 -260 
412 -261 
412 -262 
412 -263 
412 -264 
412 -265 
412 -266 
412 -267 
412 -268 
412 -269 
412 -270 
412 -271 
412 -272 
412 -273 
412 -274 
412 -275 
412 -276 
412 -277 
412 -278 
412 -279 
412 -280 
412 -281 
412 -282 
412 -283 
412 -284 
412 -285 
412 -286 
412 -287 
412 -288 
412 -289 
412 -290 
412 -291 
412 -292 
412 -293 
412 -294 
412 -295 
412 -296 
412 -297 
412 -298 
412 -299 
412 -300 
412 -301 
412 -302 
412 -303 
412 -304 
412 -305 
412 -306 
412 -307 
412 -308 
412 -309 
412 -310 
412 -311 
412 -312 
412 -313 
412 -314 
412 -315 
412 -316 
412 -317 
412 -318 
412 -319 
412 -320 
412 -321 
412 -322 
412 -323 
412 -324 
412 -325 
413 -326 
414 -326 
415 -326 
416 -326 
417 -326 
418 -326 
419 -326 
420 -326 
421 -326 
422 -326 
423 -326 
424 -326 
425 -326 
426 -326 
427 -326 
428 -325 
429 -325 
430 -325 
431 -325 
432 -325 
433 -325 
434 -325 
435 -325 
436 -325 
437 -325 
438 -325 
439 -325 
440 -325 
441 -325 
442 -325 
443 -325 
444 -325 
445 -325 
446 -324 
447 -324 
448 -324 
449 -324 
450 -324 
451 -324 
452 -324 
453 -324 
454 -324 
455 -324 
456 -324 
457 -323 
458 -323 
459 -323 
460 -323 
461 -323 
462 -323 
463 -323 
464 -323 
465 -323 
466 -322 
467 -322 
468 -322 
469 -322 
470 -322 
471 -322 
472 -322 
473 -321 
474 -321 
475 -321 
476 -321 
477 -321 
478 -321 
479 -320 
480 -320 
481 -320 
482 -320 
483 -320 
484 -319 
485 -319 
486 -319 
487 -319 
488 -319 
489 -318 
490 -318 
491 -318 
492 -318 
493 -317 
494 -317 
495 -317 
496 -317 
497 -316 
498 -316 
499 -316 
500 -316 
501 -315 
502 -315 
503 -315 
504 -314 
505 -314 
506 -314 
507 -313 
508 -313 
509 -313 
510 -312 
511 -312 
512 -312 
513 -311 
514 -311 
515 -311 
516 -310 
517 -310 
518 -310 
519 -309 
520 -309 
521 -309 
522 -308 
523 -308 
524 -307 
525 -307 
526 -307 
527 -306 
528 -306 
529 -305 
530 -305 
531 -305 
532 -304 
533 -304 
534 -303 
535 -303 
536 -302 
537 -302 
538 -301 
539 -301 
540 -300 
541 -300 
542 -300 
543 -299 
544 -299 
545 -298 
546 -298 
547 -297 
548 -297 
549 -296 
550 -296 
551 -295 
552 -295 
553 -294 
554 -294 
555 -293 
556 -293 
557 -292 
558 -292 
559 -292 
560 -291 
561 -291 
562 -290 
563 -290 
564 -289 
565 -289 
566 -288 
567 -287 
568 -287 
569 -286 
570 -286 
571 -285 
572 -285 
573 -284 
574 -284 
575 -283 
576 -283 
577 -282 
578 -282 
579 -281 
580 -281 
581 -280 
582 -280 
583 -279 
584 -278 
585 -278 
586 -277 
587 -277 
588 -276 
589 -276 
590 -275 
591 -275 
592 -274 
593 -274 
594 -273 
595 -272 
596 -272 
597 -271 
598 -271 
599 -270 
600 -269 
601 -269 
602 -268 
603 -268 
604 -267 
605 -266 
606 -266 
607 -265 
608 -265 
609 -264 
610 -263 
611 -263 
612 -262 
613 -262 
614 -261 
615 -260 
616 -260 
617 -259 
618 -258 
619 -258 
620 -257 
621 -257 
622 -256 
623 -255 
624 -255 
625 -254 
626 -253 
627 -253 
628 -252 
629 -251 
630 -251 
631 -250 
632 -249 
633 -249 
634 -248 
635 -247 
636 -247 
637 -246 
638 -245 
639 -245 
640 -244 
641 -243 
642 -242 
643 -242 
644 -241 
645 -240 
646 -240 
647 -239 
648 -238 
649 -238 
650 -237 
651 -236 
652 -235 
653 -235 
654 -234 
655 -233 
656 -233 
657 -232 
658 -231 
659 -230 
660 -230 
661 -229 
662 -228 
663 -228 
664 -227 
665 -226 
666 -225 
667 -225 
668 -224 
669 -223 
670 -222 
671 -222 
672 -221 
673 -220 
674 -220 
675 -219 
676 -218 
677 -217 
678 -217 
679 -216 
680 -215 
681 -215 
682 -214 
683 -213 
684 -212 
685 -212 
686 -211 
687 -210 
688 -209 
689 -209 
690 -208 
691 -207 
692 -207 
693 -206 
694 -205 
695 -204 
696 -204 
697 -203 
698 -202 
699 -202 
700 -201 
701 -200 
702 -199 
703 -199 
704 -198 
705 -197 
706 -196 
707 -196 
708 -195 
709 -194 
710 -194 
711 -193 
712 -192 
713 -191 
714 -191 
715 -190 
716 -189 
717 -188 
718 -188 
719 -187 
720 -186 
721 -186 
722 -185 
723 -184 
724 -183 
725 -183 
726 -182 
727 -181 
728 -181 
729 -180 
730 -179 
731 -178 
732 -178 
733 -177 
734 -176 
735 -175 
736 -175 
737 -174 
738 -173 
739 -173 
740 -172 
741 -171 
742 -170 
743 -170 
744 -169 
745 -168 
746 -168 
747 -167 
748 -166 
749 -165 
750 -165 
751 -164 
752 -163 
753 -162 
754 -162 
755 -161 
756 -160 
757 -160 
758 -159 
759 -158 
760 -157 
761 -157 
762 -156 
763 -155 
764 -155 
765 -154 
766 -153 
767 -152 
768 -152 
769 -151 
770 -150 
771 -149 
772 -149 
773 -148 
774 -147 
775 -147 
776 -146 
777 -145 
777 -146 
777 -147 
777 -148 
777 -149 
777 -150 
777 -151 
777 -152 
777 -153 
777 -154 
777 -155 
777 -156 
777 -157 
777 -158 
777 -159 
777 -160 
777 -161 
777 -162 
777 -163 
777 -164 
777 -165 
777 -166 
777 -167 
777 -168 
776 -169 
775 -169 
774 -170 
773 -171 
772 -172 
771 -172 
770 -173 
769 -174 
768 -174 
767 -175 
766 -176 
765 -177 
764 -177 
763 -178 
762 -179 
761 -180 
760 -180 
759 -181 
758 -182 
757 -182 
756 -183 
755 -184 
754 -185 
753 -185 
752 -186 
751 -187 
750 -187 
749 -188 
748 -189 
747 -190 
746 -190 
745 -191 
744 -192 
743 -193 
742 -193 
741 -194 
740 -195 
739 -195 
738 -196 
737 -197 
736 -198 
735 -198 
734 -199 
733 -200 
732 -200 
731 -201 
730 -202 
729 -203 
728 -203 
727 -204 
726 -205 
725 -206 
724 -206 
723 -207 
722 -208 
721 -208 
720 -209 
719 -210 
718 -211 
717 -211 
716 -212 
715 -213 
714 -213 
713 -214 
712 -215 
711 -216 
710 -216 
709 -217 
708 -218 
707 -219 
706 -219 
705 -220 
704 -221 
703 -221 
702 -222 
701 -223 
700 -224 
699 -224 
698 -225 
697 -226 
696 -226 
695 -227 
694 -228 
693 -229 
692 -229 
691 -230 
690 -231 
689 -232 
688 -232 
687 -233 
686 -234 
685 -234 
684 -235 
683 -236 
682 -237 
681 -237 
680 -238 
679 -239 
678 -239 
677 -240 
676 -241 
675 -242 
674 -242 
673 -243 
672 -244 
671 -244 
670 -245 
669 -246 
668 -247 
667 -247 
666 -248 
665 -249 
664 -250 
663 -250 
662 -251 
661 -252 
660 -252 
659 -253 
658 -254 
657 -255 
656 -255 
655 -256 
654 -257 
653 -257 
652 -258 
651 -259 
650 -259 
649 -260 
648 -261 
647 -262 
646 -262 
645 -263 
644 -264 
643 -264 
642 -265 
641 -265 
640 -266 
639 -267 
638 -267 
637 -268 
636 -269 
635 -269 
634 -270 
633 -271 
632 -272 
631 -272 
630 -273 
629 -273 
628 -274 
627 -275 
626 -275 
625 -276 
624 -276 
623 -277 
622 -278 
621 -278 
620 -279 
619 -280 
618 -280 
617 -281 
616 -281 
615 -282 
614 -283 
613 -283 
612 -284 
611 -284 
610 -285 
609 -285 
608 -286 
607 -287 
606 -287 
605 -288 
604 -288 
603 -289 
602 -290 
601 -290 
600 -291 
599 -291 
598 -292 
597 -292 
596 -293 
595 -293 
594 -294 
593 -295 
592 -295 
591 -296 
590 -296 
589 -297 
588 -297 
587 -298 
586 -298 
585 -299 
584 -299 
583 -300 
582 -300 
581 -301 
580 -301 
579 -302 
578 -303 
577 -303 
576 -304 
575 -304 
574 -305 
573 -305 
572 -306 
571 -306 
570 -307 
569 -307 
568 -308 
567 -308 
566 -309 
565 -309 
564 -309 
563 -310 
562 -310 
561 -311 
560 -311 
559 -312 
558 -312 
557 -313 
556 -313 
555 -314 
554 -314 
553 -315 
552 -315 
551 -316 
550 -316 
549 -317 
548 -317 
547 -317 
546 -318 
545 -318 
544 -319 
543 -319 
542 -320 
541 -320 
540 -321 
539 -321 
538 -322 
537 -322 
536 -322 
535 -323 
534 -323 
533 -324 
532 -324 
531 -324 
530 -325 
529 -325 
528 -326 
527 -326 
526 -326 
525 -327 
524 -327 
523 -327 
522 -328 
521 -328 
520 -329 
519 -329 
518 -329 
517 -330 
516 -330 
515 -330 
514 -330 
513 -331 
512 -331 
511 -331 
510 -332 
509 -332 
508 -332 
507 -333 
506 -333 
505 -333 
504 -333 
503 -334 
502 -334 
501 -334 
500 -335 
499 -335 
498 -335 
497 -335 
496 -336 
495 -336 
494 -336 
493 -336 
492 -336 
491 -337 
490 -337 
489 -337 
488 -337 
487 -338 
486 -338 
485 -338 
484 -338 
483 -338 
482 -338 
481 -339 
480 -339 
479 -339 
478 -339 
477 -339 
476 -340 
475 -340 
474 -340 
473 -340 
472 -340 
471 -340 
470 -340 
469 -341 
468 -341 
467 -341 
466 -341 
465 -341 
464 -341 
463 -341 
462 -341 
461 -341 
460 -342 
459 -342 
458 -342 
457 -342 
456 -342 
455 -342 
454 -342 
453 -342 
452 -342 
451 -342 
450 -343 
449 -343 
448 -343 
447 -343 
446 -343 
445 -343 
444 -343 
443 -343 
442 -343 
441 -343 
440 -343 
439 -343 
438 -343 
437 -343 
436 -343 
435 -344 
434 -344 
433 -344 
432 -344 
431 -344 
430 -344 
429 -344 
428 -344 
427 -344 
426 -344 
425 -344 
424 -344 
423 -344 
422 -344 
421 -344 
420 -344 
419 -344 
418 -344 
417 -344 
416 -344 
415 -344 
414 -344 
413 -344 
412 -345 
412 -346 
412 -347 
412 -348 
412 -349 
412 -350 
412 -351 
412 -352 
412 -353 
412 -354 
412 -355 
412 -356 
412 -357 
412 -358 
412 -359 
412 -360 
412 -361 
412 -362 
412 -363 
412 -364 
412 -365 
412 -366 
412 -367 
412 -368 
412 -369 
412 -370 
412 -371 
412 -372 
412 -373 
412 -374 
412 -375 
412 -376 
412 -377 
412 -378 
412 -379 
412 -380 
412 -381 
412 -382 
412 -383 
412 -384 
412 -385 
412 -386 
412 -387 
412 -388 
412 -389 
412 -390 
412 -391 
412 -392 
412 -393 
412 -394 
412 -395 
412 -396 
412 -397 
412 -398 
412 -399 
412 -400 
412 -401 
412 -402 
412 -403 
412 -404 
412 -405 
412 -406 
412 -407 
412 -408 
412 -409 
412 -410 
412 -411 
412 -412 
412 -413 
412 -414 
412 -415 
412 -416 
412 -417 
412 -418 
412 -419 
412 -420 
412 -421 
412 -422 
412 -423 
412 -424 
412 -425 
412 -426 
412 -427 
412 -428 
412 -429 
412 -430 
412 -431 
412 -432 
412 -433 
412 -434 
412 -435 
412 -436 
412 -437 
412 -438 
412 -439 
412 -440 
412 -441 
412 -442 
412 -443 
412 -444 
412 -445 
412 -446 
412 -447 
412 -448 
412 -449 
412 -450 
412 -451 
412 -452 
412 -453 
412 -454 
412 -455 
412 -456 
412 -457 
412 -458 
412 -459 
412 -460 
412 -461 
412 -462 
412 -463 
412 -464 
412 -465 
412 -466 
412 -467 
412 -468 
412 -469 
412 -470 
412 -471 
412 -472 
412 -473 
412 -474 
412 -475 
412 -476 
412 -477 
412 -478 
412 -479 
412 -480 
412 -481 
412 -482 
412 -483 
412 -484 
412 -485 
412 -486 
412 -487 
412 -488 
412 -489 
412 -490 
412 -491 
411 -491 
410 -491 
409 -491 
408 -491 
407 -491 
406 -491 
405 -491 
404 -491 
403 -491 
402 -491 
401 -491 
400 -491 
399 -491 
398 -491 
397 -491 
396 -491 
395 -491 
394 -491 
394 -490 
394 -489 
394 -488 
394 -487 
394 -486 
394 -485 
394 -484 
394 -483 
394 -482 
394 -481 
394 -480 
394 -479 
394 -478 
394 -477 
394 -476 
394 -475 
394 -474 
394 -473 
394 -472 
394 -471 
394 -470 
394 -469 
394 -468 
394 -467 
394 -466 
394 -465 
394 -464 
394 -463 
394 -462 
394 -461 
394 -460 
394 -459 
394 -458 
394 -457 
394 -456 
394 -455 
394 -454 
394 -453 
394 -452 
394 -451 
394 -450 
394 -449 
394 -448 
394 -447 
394 -446 
394 -445 
394 -444 
394 -443 
394 -442 
394 -441 
394 -440 
394 -439 
394 -438 
394 -437 
394 -436 
394 -435 
394 -434 
394 -433 
394 -432 
394 -431 
394 -430 
394 -429 
394 -428 
394 -427 
394 -426 
394 -425 
394 -424 
394 -423 
394 -422 
394 -421 
394 -420 
394 -419 
394 -418 
394 -417 
394 -416 
394 -415 
394 -414 
394 -413 
394 -412 
394 -411 
394 -410 
394 -409 
394 -408 
394 -407 
394 -406 
394 -405 
394 -404 
394 -403 
394 -402 
394 -401 
394 -400 
394 -399 
394 -398 
394 -397 
394 -396 
394 -395 
394 -394 
394 -393 
394 -392 
394 -391 
394 -390 
394 -389 
394 -388 
394 -387 
394 -386 
394 -385 
394 -384 
394 -383 
394 -382 
394 -381 
394 -380 
394 -379 
394 -378 
394 -377 
394 -376 
394 -375 
394 -374 
394 -373 
394 -372 
394 -371 
394 -370 
394 -369 
394 -368 
394 -367 
394 -366 
394 -365 
394 -364 
394 -363 
394 -362 
394 -361 
394 -360 
394 -359 
394 -358 
394 -357 
394 -356 
394 -355 
394 -354 
394 -353 
394 -352 
394 -351 
394 -350 
394 -349 
394 -348 
394 -347 
394 -346 
394 -345 
393 -344 
392 -344 
391 -344 
390 -344 
389 -344 
388 -344 
387 -344 
386 -344 
385 -344 
384 -344 
383 -344 
382 -344 
381 -344 
380 -344 
379 -344 
378 -344 
377 -344 
376 -344 
375 -344 
374 -344 
373 -344 
372 -344 
371 -344 
370 -343 
369 -343 
368 -343 
367 -343 
366 -343 
365 -343 
364 -343 
363 -343 
362 -343 
361 -343 
360 -343 
359 -343 
358 -343 
357 -343 
356 -343 
355 -342 
354 -342 
353 -342 
352 -342 
351 -342 
350 -342 
349 -342 
348 -342 
347 -342 
346 -342 
345 -341 
344 -341 
343 -341 
342 -341 
341 -341 
340 -341 
339 -341 
338 -341 
337 -341 
336 -340 
335 -340 
334 -340 
333 -340 
332 -340 
331 -340 
330 -340 
329 -339 
328 -339 
327 -339 
326 -339 
325 -339 
324 -338 
323 -338 
322 -338 
321 -338 
320 -338 
319 -337 
318 -337 
317 -337 
316 -337 
315 -337 
314 -336 
313 -336 
312 -336 
311 -336 
310 -336 
309 -335 
308 -335 
307 -335 
306 -334 
305 -334 
304 -334 
303 -334 
302 -333 
301 -333 
300 -333 
299 -333 
298 -332 
297 -332 
296 -332 
295 -331 
294 -331 
293 -331 
292 -330 
291 -330 
290 -330 
289 -329 
288 -329 
287 -329 
286 -328 
285 -328 
284 -328 
283 -327 
282 -327 
281 -327 
280 -326 
279 -326 
278 -326 
277 -325 
276 -325 
275 -324 
274 -324 
273 -323 
272 -323 
271 -323 
270 -322 
269 -322 
268 -322 
267 -321 
266 -321 
265 -320 
264 -320 
263 -319 
262 -319 
261 -318 
260 -318 
259 -317 
258 -317 
257 -316 
256 -316 
255 -316 
254 -315 
253 -315 
252 -314 
251 -314 
250 -313 
249 -313 
248 -312 
247 -312 
246 -311 
245 -311 
244 -310 
243 -310 
242 -309 
241 -309 
240 -308 
239 -308 
238 -308 
237 -307 
236 -307 
235 -306 
234 -306 
233 -305 
232 -305 
231 -304 
230 -303 
229 -303 
228 -302 
227 -302 
226 -301 
225 -301 
224 -300 
223 -300 
222 -299 
221 -299 
220 -298 
219 -298 
218 -297 
217 -297 
216 -296 
215 -296 
214 -295 
213 -294 
212 -294 
211 -293 
210 -293 
209 -292 
208 -292 
207 -291 
206 -291 
205 -290 
204 -290 
203 -289 
202 -288 
201 -288 
200 -287 
199 -287 
198 -286 
197 -285 
196 -285 
195 -284 
194 -284 
193 -283 
192 -282 
191 -282 
190 -281 
189 -281 
188 -280 
187 -279 
186 -279 
185 -278 
184 -278 
183 -277 
182 -276 
181 -276 
180 -275 
179 -274 
178 -274 
177 -273 
176 -273 
175 -272 
174 -271 
173 -271 
172 -270 
171 -269 
170 -269 
169 -268 
168 -267 
167 -267 
166 -266 
165 -265 
164 -265 
163 -264 
162 -263 
161 -263 
160 -262 
159 -262 
158 -261 
157 -260 
156 -259 
155 -259 
154 -258 
153 -257 
152 -257 
151 -256 
150 -255 
149 -254 
148 -254 
147 -253 
146 -252 
145 -252 
144 -251 
143 -250 
142 -249 
141 -249 
140 -248 
139 -247 
138 -247 
137 -246 
136 -245 
135 -244 
134 -244 
133 -243 
132 -242 
131 -242 
130 -241 
129 -240 
128 -239 
127 -239 
126 -238 
125 -237 
124 -236 
123 -236 
122 -235 
121 -234 
120 -234 
119 -233 
118 -232 
117 -231 
116 -231 
115 -230 
114 -229 
113 -229 
112 -228 
111 -227 
110 -226 
109 -226 
108 -225 
107 -224 
106 -223 
105 -223 
104 -222 
103 -221 
102 -221 
101 -220 
100 -219 
99  -218 
98  -218 
97  -217 
96  -216 
95  -216 
94  -215 
93  -214 
92  -213 
91  -213 
90  -212 
89  -211 
88  -210 
87  -210 
86  -209 
85  -208 
84  -208 
83  -207 
82  -206 
81  -205 
80  -205 
79  -204 
78  -203 
77  -203 
76  -202 
75  -201 
74  -200 
73  -200 
72  -199 
71  -198 
70  -197 
69  -197 
68  -196 
67  -195 
66  -195 
65  -194 
64  -193 
63  -192 
62  -192 
61  -191 
60  -190 
59  -190 
58  -189 
57  -188 
56  -187 
55  -187 
54  -186 
53  -185 
52  -184 
51  -184 
50  -183 
49  -182 
48  -182 
47  -181 
46  -180 
45  -179 
44  -179 
43  -178 
42  -177 
41  -177 
40  -176 
39  -175 
38  -174 
37  -174 
36  -173 
35  -172 
34  -171 
33  -171 
32  -170 
31  -169 
30  -169 
29  -168 
29  -167 
29  -166 
29  -165 
29  -164 
29  -163 
29  -162 
29  -161 
29  -160 
29  -159 
29  -158 
29  -157 
29  -156 
29  -155 
29  -154 
29  -153 
29  -152 
29  -151 
29  -150 
29  -149 
29  -148 
29  -147 
29  -146 
29  -145 
30  -146 
31  -147 
32  -147 
33  -148 
34  -149 
35  -149 
36  -150 
37  -151 
38  -152 
39  -152 
40  -153 
41  -154 
42  -154 
43  -155 
44  -156 
45  -157 
46  -157 
47  -158 
48  -159 
49  -160 
50  -160 
51  -161 
52  -162 
53  -162 
54  -163 
55  -164 
56  -165 
57  -165 
58  -166 
59  -167 
60  -167 
61  -168 
62  -169 
63  -170 
64  -170 
65  -171 
66  -172 
67  -173 
68  -173 
69  -174 
70  -175 
71  -175 
72  -176 
73  -177 
74  -178 
75  -178 
76  -179 
77  -180 
78  -180 
79  -181 
80  -182 
81  -183 
82  -183 
83  -184 
84  -185 
85  -186 
86  -186 
87  -187 
88  -188 
89  -188 
90  -189 
91  -190 
92  -191 
93  -191 
94  -192 
95  -193 
96  -193 
97  -194 
98  -195 
99  -196 
100 -196 
101 -197 
102 -198 
103 -199 
104 -199 
105 -200 
106 -201 
107 -201 
108 -202 
109 -203 
110 -204 
111 -204 
112 -205 
113 -206 
114 -206 
115 -207 
116 -208 
117 -209 
118 -209 
119 -210 
120 -211 
121 -212 
122 -212 
123 -213 
124 -214 
125 -214 
126 -215 
127 -216 
128 -217 
129 -217 
130 -218 
131 -219 
132 -219 
133 -220 
134 -221 
135 -222 
136 -222 
137 -223 
138 -224 
139 -225 
140 -225 
141 -226 
142 -227 
143 -227 
144 -228 
145 -229 
146 -230 
147 -230 
148 -231 
149 -232 
150 -232 
151 -233 
152 -234 
153 -235 
154 -235 
155 -236 
156 -237 
157 -238 
158 -238 
159 -239 
160 -240 
161 -240 
162 -241 
163 -242 
164 -242 
165 -243 
166 -244 
167 -245 
168 -245 
169 -246 
170 -247 
171 -247 
172 -248 
173 -249 
174 -249 
175 -250 
176 -251 
177 -251 
178 -252 
179 -253 
180 -253 
181 -254 
182 -255 
183 -255 
184 -256 
185 -257 
186 -257 
187 -258 
188 -258 
189 -259 
190 -260 
191 -260 
192 -261 
193 -261 
194 -262 
195 -263 
196 -263 
197 -264 
198 -265 
199 -265 
200 -266 
201 -266 
202 -267 
203 -268 
204 -268 
205 -269 
206 -269 
207 -270 
208 -271 
209 -271 
210 -272 
211 -272 
212 -273 
213 -274 
214 -274 
215 -275 
216 -275 
217 -276 
218 -276 
219 -277 
220 -277 
221 -278 
222 -278 
223 -279 
224 -279 
225 -280 
226 -281 
227 -281 
228 -282 
229 -282 
230 -283 
231 -283 
232 -284 
233 -284 
234 -285 
235 -285 
236 -286 
237 -286 
238 -287 
239 -287 
240 -288 
241 -289 
242 -289 
243 -289 
244 -290 
245 -291 
246 -291 
247 -291 
248 -292 
249 -292 
250 -293 
251 -293 
252 -294 
253 -294 
254 -295 
255 -295 
256 -296 
257 -296 
258 -297 
259 -297 
260 -298 
261 -298 
262 -299 
263 -299 
264 -299 
265 -300 
266 -300 
267 -301 
268 -301 
269 -302 
270 -302 
271 -303 
272 -303 
273 -304 
274 -304 
275 -304 
276 -305 
277 -305 
278 -306 
279 -306 
280 -307 
281 -307 
282 -307 
283 -308 
284 -308 
285 -309 
286 -309 
287 -309 
288 -310 
289 -310 
290 -310 
291 -311 
292 -311 
293 -311 
294 -312 
295 -312 
296 -312 
297 -313 
298 -313 
299 -313 
300 -314 
301 -314 
302 -314 
303 -315 
304 -315 
305 -315 
306 -316 
307 -316 
308 -316 
309 -316 
310 -317 
311 -317 
312 -317 
313 -317 
314 -318 
315 -318 
316 -318 
317 -318 
318 -319 
319 -319 
320 -319 
321 -319 
322 -319 
323 -320 
324 -320 
325 -320 
326 -320 
327 -320 
328 -321 
329 -321 
330 -321 
331 -321 
332 -321 
333 -321 
334 -322 
335 -322 
336 -322 
337 -322 
338 -322 
339 -322 
340 -322 
341 -323 
342 -323 
343 -323 
344 -323 
345 -323 
346 -323 
347 -323 
348 -323 
349 -323 
350 -324 
351 -324 
352 -324 
353 -324 
354 -324 
355 -324 
356 -324 
357 -324 
358 -324 
359 -324 
360 -324 
361 -325 
362 -325 
363 -325 
364 -325 
365 -325 
366 -325 
367 -325 
368 -325 
369 -325 
370 -325 
371 -325 
372 -325 
373 -325 
374 -325 
375 -325 
376 -325 
377 -325 
378 -325 
379 -326 
380 -326 
381 -326 
382 -326 
383 -326 
384 -326 
385 -326 
386 -326 
387 -326 
388 -326 
389 -326 
390 -326 
391 -326 
392 -326 
393 -326 
394 -325 
394 -324 
394 -323 
394 -322 
394 -321 
394 -320 
394 -319 
394 -318 
394 -317 
394 -316 
394 -315 
394 -314 
394 -313 
394 -312 
394 -311 
394 -310 
394 -309 
394 -308 
394 -307 
394 -306 
394 -305 
394 -304 
394 -303 
394 -302 
394 -301 
394 -300 
394 -299 
394 -298 
394 -297 
394 -296 
394 -295 
394 -294 
394 -293 
394 -292 
394 -291 
394 -290 
394 -289 
394 -288 
394 -287 
394 -286 
394 -285 
394 -284 
394 -283 
394 -282 
394 -281 
394 -280 
394 -279 
394 -278 
394 -277 
394 -276 
394 -275 
394 -274 
394 -273 
394 -272 
394 -271 
394 -270 
394 -269 
394 -268 
394 -267 
394 -266 
394 -265 
394 -264 
394 -263 
394 -262 
394 -261 
394 -260 
394 -259 
394 -258 
394 -257 
394 -256 
394 -255 
394 -254 
394 -253 
394 -252 
394 -251 
394 -250 
394 -249 
394 -248 
394 -247 
394 -246 
394 -245 
394 -244 
394 -243 
394 -242 
394 -241 
394 -240 
394 -239 
394 -238 
394 -237 
394 -236 
394 -235 
394 -234 
394 -233 
394 -232 
394 -231 
394 -230 
394 -229 
394 -228 
394 -227 
394 -226 
394 -225 
394 -224 
394 -223 
394 -222 
394 -221 
394 -220 
394 -219 
394 -218 
394 -217 
394 -216 
394 -215 
394 -214 
394 -213 
394 -212 
394 -211 
394 -210 
394 -209 
394 -208 
394 -207 
394 -206 
394 -205 
394 -204 
394 -203 
394 -202 
394 -201 
394 -200 
394 -199 
394 -198 
394 -197 
394 -196 
394 -195 
394 -194 
394 -193 
394 -192 
394 -191 
394 -190 
394 -189 
394 -188 
394 -187 
394 -186 
394 -185 
394 -184 
394 -183 
394 -182 
394 -181 
394 -180 
394 -179 
394 -178 
394 -177 
394 -176 
394 -175 
394 -174 
394 -173 
394 -172 
394 -171 
394 -170 
394 -169 
394 -168 
394 -167 
394 -166 
394 -165 
394 -164 
394 -163 
394 -162 
394 -161 
394 -160 
394 -159 
394 -158 
394 -157 
394 -156 
394 -155 
394 -154 
394 -153 
394 -152 
394 -151 
394 -150 
394 -149 
394 -148 
394 -147 
394 -146 
394 -145 
394 -144 
394 -143 
394 -142 
394 -141 
394 -140 
394 -139 
394 -138 
394 -137 
394 -136 
394 -135 
394 -134 
394 -133 
394 -132 
394 -131 
394 -130 
394 -129 
394 -128 
394 -127 
394 -126 
394 -125 
394 -124 
394 -123 
394 -122 
394 -121 
394 -120 
394 -119 
394 -118 
394 -117
